279.468187492 264.705571421 286.393646874 262.7844988785 278.5595699325 248.038394932 284.21074288 245.6751815595 255.326769927 220.172930638 261.464141098 289.0292596625 255.9708076375 288.058508939 249.982252805 218.9946410955 228.0143745165 247.449620056 234.50443494 244.0363783875 228.9761843685 265.065788681 236.3894038325 263.131245382 217.3107277545 271.189826439 211.831840887 237.12361993 111.370645046 289.323671764 107.2132523075 254.8676178245
277.599943804 268.648526617 284.753780783 267.9592343405 279.599358384 252.0767826135 285.575045286 250.730788863 261.5583103155 220.6003202805 255.645650953 289.476309064 250.404343054 287.566397814 256.4995966745 218.5118649155 229.9242996495 242.7198613665 236.9084651225 240.4854630955 227.8124783045 260.2354169045 235.4490043515 259.6175572705 215.2608173765 264.240728931 215.7807088145 229.7406660315 107.781293485 263.702756219 109.670298914 229.0482438725
275.0753990905 272.2071572905 282.240247579 272.7705874175 279.9220906605 256.234369844 286.040722803 255.9464916905 267.620955783 222.10331101 249.837935395 288.906196857 245.007907251 286.1151580535 263.0017517355 219.1681477305 232.6265193885 238.3936194805 239.892578848 237.4059540935 227.5052376435 255.2763606235 235.1330379255 255.9939562315 214.448749576 257.041250369 220.9516145645 223.15559892 108.695498469 237.8478308995 116.5734973985 204.047820539
271.97125826 275.2733418875 278.9294180485 277.072374885 279.5179626075 260.3848358685 285.593628523 261.16382034 273.330504531 224.6362350715 244.2174509775 287.3362469085 239.945460491 283.74888482 269.2911621975 220.943547293 236.038930225 234.6023383445 243.3661082195 234.891415542 228.0637955725 250.3392917495 235.45110333 252.370538829 214.89919499 249.810133954 227.187447346 217.568491917 114.085474408 212.5444498325 127.713097923 180.6259372605
268.381839022 277.753915977 274.921890031 280.7338891605 278.399253446 264.402070927 284.247347174 266.2242489845 278.513474878 228.122130879 238.9549732065 284.814161334 235.370822595 280.5394760985 275.176727583 223.784119007 240.057847824 231.4612140705 247.2235118465 233.018250392 229.4711805985 245.574220563 236.393536313 248.8574007235 216.5984670685 242.7670934115 234.2987346115 213.1491063745 123.787449676 188.5614431415 142.7506294965 159.494255824
264.416204021 279.5735086015 270.339430189 283.643877029 276.5999545745 268.1640134135 282.042784817 270.974019121 283.012384956 232.4550812955 234.2103997435 281.4165723975 231.422991566 276.584448111 280.4796180375 227.6035535725 244.561159457 229.0656880925 251.3475845185 231.8433737965 231.6846300565 241.125931283 237.9317015355 245.561286796 219.4949343095 236.126127879 242.069403581 210.0317230325 137.506634781 166.6275220585 161.2291845145 141.294851421
260.194847022 280.6768323815 265.3212741905 285.7139200175 274.1747367565 271.5563586555 279.0469259375 275.268811445 286.690537713 237.5034318675 230.127891994 277.246714078 228.2219202035 272.0039723325 285.038707981 232.2857994495 249.4120343325 227.4885472265 255.6130184245 231.4024837715 234.636889431 237.1295828735 240.0188626455 242.582347761 223.500589057 230.089019654 250.263346505 208.311061968 154.8261793925 147.4091374105 182.587301656 126.5807035245
255.8460287855 281.030363377 260.019892424 286.8811214215 271.197286777 274.4760338115 275.3507954155 278.978133224 289.43617592 243.113795064 226.831492882 272.4312818825 225.8648700995 266.9372205555 288.715474012 237.688592923 254.4630846155 226.7777118965 259.890213461 231.708976996 238.238258509 233.706600194 242.5916042395 240.0110955385 228.4937252815 224.839199862 258.6316003905 208.0394048895 175.2198529635 131.490220227 206.1760423125 115.798887955
251.5018918265 280.6233592505 254.5963718515 287.1100148405 267.758076968 276.8343220865 271.066703298 281.9892735835 291.165871041 249.115695262 224.421366279 267.116596785 224.423462211 261.5381503095 291.398194489 243.647765551 259.5608298765 226.954781435 264.0492034445 232.7535404145 242.37930665 230.960993463 245.571751392 237.9256597985 234.3226223225 220.5361887105 266.919888777 209.2250063275 198.067976502 119.35448025 231.2786426795 109.2770192825
247.2944275535 279.4681871115 249.215499793 286.3936465775 263.961604082 278.5595702805 266.3248172075 284.210743331 291.8270693915 255.326771493 222.970740099 261.464139654 223.941491062 255.9708062365 293.0053591675 249.9822544225 264.5503811675 228.01437489 267.963622552 234.504435463 246.9342125005 228.976183972 248.868755475 236.389403521 240.8101752525 217.3107270905 274.8763820005 211.8318417125 222.676334558 111.370643589 257.1323886795 107.213252357
243.3514750135 277.599944759 244.04076783 284.753781686 259.923219168 279.5993580875 261.26921337 285.575044888 291.399680139 261.558307643 222.5236909095 255.6456534805 224.4336017635 250.4043454375 293.4881351225 256.4995938445 269.280136665 229.924298647 271.5145354635 236.908463951 251.764580967 227.812478624 252.382441178 235.4490046245 247.759267993 215.260817999 282.259330932 215.780706832 248.297232591 107.7812940665 282.95174508 109.670296879
239.7928441495 275.0754003145 239.2294145635 282.240248845 255.765631962 279.922090678 256.0535105775 286.040722799 289.8966898675 267.620953224 223.093802678 249.8379378795 225.8848411165 245.007909525 292.831852798 263.001748955 273.606378755 232.626518059 274.5940446905 239.892577444 256.7236372255 227.505237589 256.0060421935 235.133037925 254.958746494 214.4487496545 288.844398434 220.951612085 274.1521579795 108.6954970985 307.9521689345 116.5734934765
236.7266593185 271.971259715 234.927626846 278.9294196395 251.615165907 279.5179629385 250.836181894 285.593628913 287.363766237 273.330502163 224.663752202 244.217453343 228.251113968 239.945462586 291.0564537105 269.291159551 277.3976601485 236.0389286095 277.108583504 243.3661066255 261.660706141 228.0637951455 259.62945962 235.451103056 262.189862943 214.8991945225 294.4315059075 227.1874444445 299.455539453 114.0854711275 331.374053054 127.7130922325
234.2460842195 268.381839368 231.2661111405 274.921890424 247.597929429 278.3992535795 245.7757514645 284.2473473365 283.8778694785 278.513474435 227.185838395 238.9549736645 231.4605235735 235.370822985 288.215881298 275.176727071 280.538785676 240.057847434 278.9817494685 247.223511481 266.425779015 229.471180433 263.142598965 236.393536199 269.2329059625 216.598466858 298.8508932805 234.2987339305 323.438554757 123.787448604 352.505742376 142.750627963
232.4264910305 264.416202991 228.356122344 270.3394289805 243.835985686 276.5999540425 241.025979741 282.0427841625 279.5449175235 283.012385985 230.583428555 234.2103986325 235.4155529635 231.422990666 284.3964453575 280.4796192785 282.9343124075 244.561160634 280.156626407 251.3475855745 270.87406978 231.6846307065 266.4387139935 237.931701992 275.8738737165 219.4949351785 301.9682775765 242.0694055905 345.372483121 137.5066386875 370.7051527215 161.229189528
231.3231674355 260.194845943 226.286079575 265.3212728915 240.44364055 274.1747360765 236.7311875475 279.046925095 274.496566791 286.6905385215 234.753287053 230.1278910655 239.9960288815 228.221919504 279.7141992815 285.0387090175 284.5114530615 249.412035579 280.5975162455 255.6130194995 274.87041806 234.636890256 269.4176529375 240.018863232 281.910981767 223.50059019 303.688938283 250.2633485895 364.590867012 154.826184139 385.4192996845 182.587307313
230.9696366205 255.846029183 225.1188786425 260.019892915 237.52396643 271.197287071 233.0218670835 275.3507957805 268.8862054675 289.436175715 239.568717654 226.8314931435 245.062778966 225.8648702735 274.311407597 288.715473721 285.222288079 254.463084151 280.2910230655 259.8902130745 278.293399524 238.238258155 271.9889042485 242.5916039855 287.160799701 228.4937247865 303.960595152 258.6315996285 380.509778489 175.2198509845 396.201111253 206.176040084
231.376640812 251.501891484 224.8899851795 254.596371419 235.1656777495 267.758076678 230.010726207 271.0667029365 262.8843042485 291.165871137 244.883403654 224.421366124 250.4618501295 224.423462134 268.3522339565 291.398194661 285.0452185155 259.5608302805 279.2464594735 264.049203768 281.0390067265 242.379306998 274.0743403465 245.5717516435 291.463811591 234.322622816 302.7749935205 266.9198894275 392.645520556 198.067978403 402.722981061 231.27864472
232.5318132695 247.2944265275 225.606353719 249.2154984645 233.4404293715 263.961603096 227.7892562175 266.324815974 256.673226941 291.827069421 250.5358617895 222.97073986 256.029195165 223.9414910635 262.01774396 293.005359431 283.985624736 264.5503823905 277.4955640145 267.963623492 283.0238164245 246.9342136815 275.610596791 248.8687563325 294.6892735735 240.8101769435 300.1681574625 274.876383931 400.6293578675 222.67634088 404.7867475935 257.132395183
234.4000546635 243.3514760005 227.2462177675 244.040769144 232.4006420915 259.9232202465 226.424955353 261.2692147215 250.441693975 291.399680393 256.35434499 222.5236908935 261.59565312 224.433601508 255.5004078685 293.4881351455 282.07570196 269.2801354735 275.091536758 271.514534591 284.1875211825 251.764579679 276.55099521 252.382440239 296.7391816245 247.7592661315 296.219294368 282.259329094 404.2187055815 248.297225818 402.3297043525 282.9517383935
236.924599428 239.7928444525 229.759750888 239.2294149805 232.077909318 255.765632342 225.959277202 256.053511055 244.3790473145 289.896690052 262.1620615975 223.09380258 266.9920899965 225.8848409415 248.9982516305 292.8318529095 279.3734822205 273.6063783835 272.1074228515 274.5940444345 284.4947624225 256.7236367725 276.866962075 256.0060418615 297.551250329 254.9587458335 291.048388437 288.844397877 403.30450319 274.1521556385 395.426507349 307.9521667185
240.0287411275 236.72665862 233.070581282 234.9276258435 232.4820372535 251.615164879 226.406371313 250.8361806005 238.669496466 287.3637654795 267.7825480265 224.663752717 272.054538627 228.25111467 242.7088389165 291.0564531295 275.961070455 277.397661021 268.6338924515 277.1085840565 283.9362046075 261.6607073625 276.5488967855 259.629460518 297.1008052065 262.1898647395 284.8125538755 294.431507167 397.914526973 299.4555456565 384.286904473 331.3740586615
243.6181602865 234.2460844165 237.078109183 231.266111441 233.600746287 247.597929785 227.752652501 245.7757519135 233.4865260085 283.8778698365 273.0450258775 227.185838124 276.629176625 231.460523246 236.823273441 288.2158816025 271.942152956 280.538785423 264.776488884 278.981749329 282.528819733 266.4257785935 275.6064639145 263.1425986535 295.401533352 269.232905336 277.7012667505 298.8508929355 388.2125524675 323.4385526555 369.249373571 352.505740576
247.5837966345 232.4264911645 241.66057058 228.356122572 235.400045764 243.8359860135 229.9572155995 241.0259801545 228.987614389 279.544917953 277.7896009635 230.5834282085 280.577009007 235.415552573 231.5203811725 284.3964457465 267.438839794 282.9343122255 260.6524148095 280.156626333 280.31536953 270.8740693935 274.068298174 266.4387137065 292.5050651375 275.8738731365 269.93059514 301.968277355 374.493362733 345.3724812375 350.770812295 370.7051512155
251.8051551355 231.323167252 246.678728407 226.2860791675 237.8252646035 240.4436397555 232.953075747 236.73118654 225.30946067 274.4965654495 281.8721098635 234.753288184 283.7780811955 239.9960300955 226.9612899455 279.714198012 262.587963175 284.5114533495 256.386979425 280.597516262 277.363108919 274.870418994 271.9811361815 269.417653636 288.4994086775 281.9109831875 261.7366493255 303.6889385335 357.1738111145 364.5908714345 329.41268703 385.4193028935
256.153970419 230.969636618 251.980106594 225.1188787065 240.8027126355 237.5239666715 236.6492038545 233.021867391 222.5638244895 268.886205999 285.1685065955 239.5687171905 286.135129553 245.062778487 223.28452657 274.311408117 257.5369163135 285.2222880545 252.1097873115 280.2910231275 273.7617421995 278.2933992415 269.4083962685 271.9889040355 283.506275709 287.160799264 253.368401134 303.960595194 336.780150994 380.509777205 305.823962144 396.2011104615
260.498107391 231.3766406065 257.4036271595 224.889985115 244.24192237 235.165678287 240.933295876 230.0107268955 220.834129178 262.8843058555 287.578633368 244.883402211 287.576537613 250.4618486865 220.6018059035 268.352235574 252.4391710465 285.045218678 247.9507972945 279.246459841 269.620694146 281.039006104 266.4282491825 274.07433987 277.6773788045 291.4638106 245.08011271 302.7749940195 313.9320278415 392.6455179085 280.7213619845 402.7229799315
264.7055744985 232.53181365 262.784502864 225.6063540155 248.0383978905 233.4404290235 245.675185259 227.789255766 220.17293055 256.673225375 289.029260379 250.5358632335 288.0585089355 256.0291965665 218.994640306 262.0177423425 247.449616386 283.9856243625 244.0363755685 277.4955634915 265.065785137 283.0238168205 263.1312428105 275.6105971025 271.1898213655 294.6892742375 237.1236141385 300.1681566375 289.323652798 400.629359324 254.8675983135 404.786747544
268.6485243 234.400054839 267.959231256 227.246217934 252.076780082 232.400642037 250.73078569 226.4249552795 220.6003196845 250.4416934825 289.476309102 256.3543454555 287.566398414 261.595653559 218.5118648615 255.500407347 242.719864164 282.075701775 240.4854651435 275.091536542 260.235419929 284.1875212415 259.6175594755 276.5509952605 264.240733302 296.739181739 229.7406703465 296.219294003 263.7027721205 404.2187056885 229.0482595715 402.3297039775
272.207155244 236.9245991705 272.7705846025 229.7597506215 256.234367278 232.0779093145 255.9464884675 225.9592772025 222.1033097635 244.3790478535 288.906197518 262.1620610745 286.115159233 266.992089518 219.1681469795 248.998252216 238.393621988 279.3734825005 237.4059558215 272.107423147 255.2763636805 284.494762434 255.99395847 276.866962075 257.041254827 297.5512503125 223.15560268 291.048388959 237.847846703 403.3045034785 204.0478354975 395.426508175
275.273342078 240.02874197 277.0723751585 233.070582203 260.384836149 232.482037445 261.163820693 226.4063715385 224.636235278 238.669495095 287.336246768 267.7825493965 283.7488846285 272.05453984 220.9435474515 242.708837384 234.602338106 275.96106952 234.8914153915 268.633891529 250.3392914165 283.93620436 252.3705385835 276.5488966265 249.810133464 297.100804936 217.5684915735 284.8125521955 212.5444481405 397.9145250735 180.6259357305 384.286901178
277.753916125 243.6181612375 280.733889386 237.078110264 264.402071194 233.6007466545 266.224249321 227.752652948 228.1221311475 233.4865247895 284.814161131 273.045027137 280.5394758525 276.6291776975 223.7841192355 236.8232720325 231.4612138805 271.942151883 233.0182502875 264.7764878795 245.574220247 282.528819277 248.8574004895 275.606463602 242.7670929415 295.4015327735 213.149106116 277.7012648775 188.561441565 388.21254952 159.4942544735 369.2493693525
279.573508702 247.58379626 283.6438772 241.6605701405 268.1640136595 235.4000455705 270.9740194315 229.9572153615 232.4550816175 228.9876147635 281.4165721375 277.7896005595 276.5844478175 280.5770086795 227.6035538645 231.520381624 229.065687956 267.438840222 231.843373741 260.6524151935 241.125930993 280.3153697665 245.5612865805 274.06829834 236.126127444 292.5050654535 210.0317228665 269.9305958705 166.6275206455 374.493364153 141.294850291 350.770814118
280.6768324315 251.8051532725 285.7139201285 246.678726164 271.556358872 237.825263429 275.26881172 232.9530742925 237.5034322335 225.3094620665 277.2467137695 281.8721082595 272.0039720015 283.778079987 232.2857997955 226.961291736 227.488547148 262.5879653275 231.402483767 256.386981282 237.129582619 277.363110344 242.5823475705 271.9811371945 230.089019266 288.499410634 208.3110618995 261.736652926 147.409136204 357.1738193125 126.580702649 329.4126968005
281.0303633935 256.153968529 286.88112099 251.980104263 274.476032181 240.8027112405 278.978131148 236.6492021195 243.113791477 222.5638254625 272.431285012 285.168505355 266.9372237885 286.135128727 237.688589413 223.2845279525 226.7777120615 257.53691852 231.708976579 252.109789145 233.7066020995 273.7617438825 240.011096977 269.4083974755 224.839202813 283.5062780615 208.0394046075 253.368404755 131.4902288935 336.7801603945 115.7988933 305.823972729
280.623359733 260.498105532 287.110014991 257.403624811 276.8343208255 244.241920797 281.989271967 240.933293914 249.1156914895 220.8341296975 267.116600173 287.5786325285 261.5381536975 287.576537195 243.6477617535 220.601806836 226.954781053 252.4391732395 232.753539551 247.9507990495 230.9609949245 269.6206960365 237.9256609175 266.428250547 220.5361910365 277.677381482 209.225005156 245.0801162415 119.354486465 313.932038158 109.277021935 280.721373062
